5
-1 -1 15 -1 86 
-1 -1 26 21 92 
15 26 -1 26 30 
-1 21 26 -1 36 
86 92 30 36 -1

Optimal Path for TSP : 

[0, 4, 3, 1, 2, 0]

Optimal Cost for TSP : 184.0 

Number of Expanded Nodes :  21 

Number of Generated nodes in fringe list :  26

4
-1 1 -1 1
1 -1 1 -1
-1 1 -1 1
1 -1 1 -1


7
-1 26 86 -1 15 92 35 
26 -1 26 -1 27 73 36 
86 26 -1 2 35 30 29 
-1 -1 2 -1 58 56 25 
15 27 35 58 -1 26 29 
92 73 30 56 26 -1 -1 
35 36 29 25 29 -1 -1
Solved with a cost of 160
0 4 5 2 3 6 1 0

